[multislice]
x_max = 30
x_min = 0
x_step = 1e-5
z_step = 0.005
wl = 7.293187822128047e-5

[material1]
formula = W
density = 21.0

[material2]
formula = SiC
density = 3.21

[mll]
n_min = 100
n_max = 8000
focus = 1500.0
mll_sigma = 0.0001
mll_depth = 1.
mll_wl = 7.293187822128047e-5