[multislice]
x_max = 30.0
x_min = 0.0
x_step = 1e-4
z_step = 5e-3
wl = 7.293187822128047e-5

[material1]
formula = W
density = 18.0

[material2]
formula = SiC
density = 2.8

[mll]
n_min = 100
n_max = 8000
focus = 1500.0
mll_sigma = 1e-4
mll_depth = 5.0
mll_wl = 7.293187822128047e-5